[Steering]

SteeringScale=1.000000

[Sitting]

CarSpeedToSitDown=1.000000
TimeTakenToSitDown=0.250000
TimeStationaryToSitDown=1.000000

[Head]

MaxX=0.1500000
MaxZ=0.200000
MinX=-0.1500000
MinZ=-0.200000
ResistanceScaleX=-1.300000
ResistanceScaleZ=-1.000000
MaxResistanceX=100.000000
MaxResistanceZ=20.000000
SpringK=100.000000
SpringS=10.000000
PositionToAngle=4.000000

[Body]

MaxX=0.400000
MaxY=0.200000
MaxZ=0.200000
MinX=-0.400000
MinY=-0.200000
MinZ=-0.200000
ResistanceScaleX=-2.000000
ResistanceScaleY=0.000000
ResistanceScaleZ=0.000000
MaxResistanceX=200.000000
MaxResistanceY=0.000000
MaxResistanceZ=0.000000
SpringK=100.000000
SpringS=10.000000
